1;
Fg = [ 1   2   3   4   ]';
Df = [ 3.81 2.67 1.70 0.90 ]';
ratios = Df/11.8;
