1;
Fg = [ 1   2   3   4   ]';
Df = [ 3.8 2.7 1.7 0.9 ]';
ratios = Df/12.0;
